
 
 xi xf subErrors subTrueErr subAreas ACC_Area
-1 1 4.930966e-02 4.724372e-01 7.692308e-02 7.692308e-02
The exact area of our function is = 5.493603e-01. 
 The uncompensated trapezoid sum is = 7.692308e-02.
 The compensated trapezoid sum is = 1.262327e-01.
 The compensation error is = 4.930966e-02.
 The sum of the subErrors = 4.930966e-02.
 The sum of true SubErrors = 4.724372e-01.

 
 xi xf subErrors subTrueErr subAreas ACC_Area
-1 -8.181818e-01 -6.363636e-01 -4.545455e-01 -2.727273e-01 -9.090909e-02
9.090909e-02 2.727273e-01 4.545455e-01 6.363636e-01 8.181818e-01 -8.181818e-01
-6.363636e-01 -4.545455e-01 -2.727273e-01 -9.090909e-02 9.090909e-02 2.727273e-01
4.545455e-01 6.363636e-01 8.181818e-01 1 -1.545227e-04 -3.500708e-04
-9.388000e-04 -2.947054e-03 -4.006532e-03 1.720148e-02 -4.006532e-03 -2.947054e-03
-9.388000e-04 -3.500708e-04 -1.545227e-04 -1.528092e-04 -3.446232e-04 -9.184726e-04
-2.888824e-03 -4.850374e-03 1.996607e-02 -4.850374e-03 -2.888824e-03 -9.184726e-04
-3.446232e-04 -1.528092e-04 8.622319e-03 1.329818e-02 2.291767e-02 4.653722e-02
1.071344e-01 1.506849e-01 1.071344e-01 4.653722e-02 2.291767e-02 1.329818e-02
8.622319e-03 8.622319e-03 2.192050e-02 4.483817e-02 9.137538e-02 1.985098e-01
3.491947e-01 4.563291e-01 5.028663e-01 5.257839e-01 5.390821e-01 5.477044e-01
The exact area of our function is = 5.493603e-01. 
 The uncompensated trapezoid sum is = 5.477044e-01.
 The compensated trapezoid sum is = 5.481120e-01.
 The compensation error is = 4.075179e-04.
 The sum of the subErrors = 4.075179e-04.
 The sum of true SubErrors = 1.655861e-03.

 
 xi xf subErrors subTrueErr subAreas ACC_Area
-1 -9.047619e-01 -8.095238e-01 -7.142857e-01 -6.190476e-01 -5.238095e-01
-4.285714e-01 -3.333333e-01 -2.380952e-01 -1.428571e-01 -4.761905e-02 4.761905e-02
1.428571e-01 2.380952e-01 3.333333e-01 4.285714e-01 5.238095e-01 6.190476e-01
7.142857e-01 8.095238e-01 9.047619e-01 -9.047619e-01 -8.095238e-01 -7.142857e-01
-6.190476e-01 -5.238095e-01 -4.285714e-01 -3.333333e-01 -2.380952e-01 -1.428571e-01
-4.761905e-02 4.761905e-02 1.428571e-01 2.380952e-01 3.333333e-01 4.285714e-01
5.238095e-01 6.190476e-01 7.142857e-01 8.095238e-01 9.047619e-01 1
-1.830783e-05 -2.703186e-05 -4.143083e-05 -6.631111e-05 -1.114937e-04 -1.975116e-04
-3.647124e-04 -6.573043e-04 -8.272217e-04 7.554875e-04 3.223489e-03 7.554875e-04
-8.272217e-04 -6.573043e-04 -3.647124e-04 -1.975116e-04 -1.114937e-04 -6.631111e-05
-4.143083e-05 -2.703186e-05 -1.830783e-05 -1.825606e-05 -2.694113e-05 -4.126434e-05
-6.599051e-05 -1.108495e-04 -1.962034e-04 -3.623890e-04 -6.567895e-04 -8.539407e-04
7.053518e-04 3.368517e-03 7.053518e-04 -8.539407e-04 -6.567895e-04 -3.623890e-04
-1.962034e-04 -1.108495e-04 -6.599051e-05 -4.126434e-05 -2.694113e-05 -1.825606e-05
4.049968e-03 4.957835e-03 6.201288e-03 7.962562e-03 1.055950e-02 1.457467e-02
2.112086e-02 3.230485e-02 5.123134e-02 7.659591e-02 9.012876e-02 7.659591e-02
5.123134e-02 3.230485e-02 2.112086e-02 1.457467e-02 1.055950e-02 7.962562e-03
6.201288e-03 4.957835e-03 4.049968e-03 4.049968e-03 9.007803e-03 1.520909e-02
2.317165e-02 3.373115e-02 4.830583e-02 6.942668e-02 1.017315e-01 1.529629e-01
2.295588e-01 3.196875e-01 3.962835e-01 4.475148e-01 4.798197e-01 5.009405e-01
5.155152e-01 5.260747e-01 5.340372e-01 5.402385e-01 5.451964e-01 5.492463e-01
The exact area of our function is = 5.493603e-01. 
 The uncompensated trapezoid sum is = 5.492463e-01.
 The compensated trapezoid sum is = 5.493581e-01.
 The compensation error is = 1.118133e-04.
 The sum of the subErrors = 1.118133e-04.
 The sum of true SubErrors = 1.139721e-04.

 
 xi xf subErrors subTrueErr subAreas ACC_Area
-1 -9.354839e-01 -8.709677e-01 -8.064516e-01 -7.419355e-01 -6.774194e-01
-6.129032e-01 -5.483871e-01 -4.838710e-01 -4.193548e-01 -3.548387e-01 -2.903226e-01
-2.258065e-01 -1.612903e-01 -9.677419e-02 -3.225806e-02 3.225806e-02 9.677419e-02
1.612903e-01 2.258065e-01 2.903226e-01 3.548387e-01 4.193548e-01 4.838710e-01
5.483871e-01 6.129032e-01 6.774194e-01 7.419355e-01 8.064516e-01 8.709677e-01
9.354839e-01 -9.354839e-01 -8.709677e-01 -8.064516e-01 -7.419355e-01 -6.774194e-01
-6.129032e-01 -5.483871e-01 -4.838710e-01 -4.193548e-01 -3.548387e-01 -2.903226e-01
-2.258065e-01 -1.612903e-01 -9.677419e-02 -3.225806e-02 3.225806e-02 9.677419e-02
1.612903e-01 2.258065e-01 2.903226e-01 3.548387e-01 4.193548e-01 4.838710e-01
5.483871e-01 6.129032e-01 6.774194e-01 7.419355e-01 8.064516e-01 8.709677e-01
9.354839e-01 1 -5.341345e-06 -6.900305e-06 -9.056366e-06 -1.209638e-05
-1.647355e-05 -2.291877e-05 -3.263169e-05 -4.759892e-05 -7.106766e-05 -1.079675e-04
-1.638149e-04 -2.353243e-04 -2.701615e-04 -7.494249e-05 5.705082e-04 1.062886e-03
5.705082e-04 -7.494249e-05 -2.701615e-04 -2.353243e-04 -1.638149e-04 -1.079675e-04
-7.106766e-05 -4.759892e-05 -3.263169e-05 -2.291877e-05 -1.647355e-05 -1.209638e-05
-9.056366e-06 -6.900305e-06 -5.341345e-06 -5.334594e-06 -6.890528e-06 -9.041919e-06
-1.207457e-05 -1.643989e-05 -2.286567e-05 -3.254634e-05 -4.746046e-05 -7.084637e-05
-1.076427e-04 -1.634859e-04 -2.356763e-04 -2.736420e-04 -8.407474e-05 5.711984e-04
1.084925e-03 5.711984e-04 -8.407474e-05 -2.736420e-04 -2.356763e-04 -1.634859e-04
-1.076427e-04 -7.084637e-05 -4.746046e-05 -3.254634e-05 -2.286567e-05 -1.643989e-05
-1.207457e-05 -9.041919e-06 -6.890528e-06 -5.334594e-06 2.650683e-03 3.025750e-03
3.484808e-03 4.054299e-03 4.771604e-03 5.690697e-03 6.891299e-03 8.493907e-03
1.068459e-02 1.375485e-02 1.815900e-02 2.456293e-02 3.372718e-02 4.568431e-02
5.757844e-02 6.288032e-02 5.757844e-02 4.568431e-02 3.372718e-02 2.456293e-02
1.815900e-02 1.375485e-02 1.068459e-02 8.493907e-03 6.891299e-03 5.690697e-03
4.771604e-03 4.054299e-03 3.484808e-03 3.025750e-03 2.650683e-03 2.650683e-03
5.676433e-03 9.161240e-03 1.321554e-02 1.798714e-02 2.367784e-02 3.056914e-02
3.906305e-02 4.974763e-02 6.350249e-02 8.166149e-02 1.062244e-01 1.399516e-01
1.856359e-01 2.432144e-01 3.060947e-01 3.636731e-01 4.093574e-01 4.430846e-01
4.676475e-01 4.858065e-01 4.995614e-01 5.102460e-01 5.187399e-01 5.256312e-01
5.313219e-01 5.360935e-01 5.401478e-01 5.436326e-01 5.466583e-01 5.493090e-01
The exact area of our function is = 5.493603e-01. 
 The uncompensated trapezoid sum is = 5.493090e-01.
 The compensated trapezoid sum is = 5.493603e-01.
 The compensation error is = 5.131079e-05.
 The sum of the subErrors = 5.131079e-05.
 The sum of true SubErrors = 5.127733e-05.

 
 xi xf subErrors subTrueErr subAreas ACC_Area
-1 -9.512195e-01 -9.024390e-01 -8.536585e-01 -8.048780e-01 -7.560976e-01
-7.073171e-01 -6.585366e-01 -6.097561e-01 -5.609756e-01 -5.121951e-01 -4.634146e-01
-4.146341e-01 -3.658537e-01 -3.170732e-01 -2.682927e-01 -2.195122e-01 -1.707317e-01
-1.219512e-01 -7.317073e-02 -2.439024e-02 2.439024e-02 7.317073e-02 1.219512e-01
1.707317e-01 2.195122e-01 2.682927e-01 3.170732e-01 3.658537e-01 4.146341e-01
4.634146e-01 5.121951e-01 5.609756e-01 6.097561e-01 6.585366e-01 7.073171e-01
7.560976e-01 8.048780e-01 8.536585e-01 9.024390e-01 9.512195e-01 -9.512195e-01
-9.024390e-01 -8.536585e-01 -8.048780e-01 -7.560976e-01 -7.073171e-01 -6.585366e-01
-6.097561e-01 -5.609756e-01 -5.121951e-01 -4.634146e-01 -4.146341e-01 -3.658537e-01
-3.170732e-01 -2.682927e-01 -2.195122e-01 -1.707317e-01 -1.219512e-01 -7.317073e-02
-2.439024e-02 2.439024e-02 7.317073e-02 1.219512e-01 1.707317e-01 2.195122e-01
2.682927e-01 3.170732e-01 3.658537e-01 4.146341e-01 4.634146e-01 5.121951e-01
5.609756e-01 6.097561e-01 6.585366e-01 7.073171e-01 7.560976e-01 8.048780e-01
8.536585e-01 9.024390e-01 9.512195e-01 1 -2.237058e-06 -2.707201e-06
-3.304736e-06 -4.072230e-06 -5.069188e-06 -6.379809e-06 -8.124664e-06 -1.047831e-05
-1.369567e-05 -1.815054e-05 -2.438822e-05 -3.318464e-05 -4.556896e-05 -6.264863e-05
-8.473089e-05 -1.083721e-04 -1.186415e-04 -7.609498e-05 7.821866e-05 3.295102e-04
4.695745e-04 3.295102e-04 7.821866e-05 -7.609498e-05 -1.186415e-04 -1.083721e-04
-8.473089e-05 -6.264863e-05 -4.556896e-05 -3.318464e-05 -2.438822e-05 -1.815054e-05
-1.369567e-05 -1.047831e-05 -8.124664e-06 -6.379809e-06 -5.069188e-06 -4.072230e-06
-3.304736e-06 -2.707201e-06 -2.237058e-06 -2.235463e-06 -2.705099e-06 -3.301933e-06
-4.068449e-06 -5.064024e-06 -6.372666e-06 -8.114658e-06 -1.046412e-05 -1.367534e-05
-1.812125e-05 -2.434606e-05 -3.312513e-05 -4.548974e-05 -6.255978e-05 -8.468650e-05
-1.085497e-04 -1.194629e-04 -7.805236e-05 7.613458e-05 3.313464e-04 4.751496e-04
3.313464e-04 7.613458e-05 -7.805236e-05 -1.194629e-04 -1.085497e-04 -8.468650e-05
-6.255978e-05 -4.548974e-05 -3.312513e-05 -2.434606e-05 -1.812125e-05 -1.367534e-05
-1.046412e-05 -8.114658e-06 -6.372666e-06 -5.064024e-06 -4.068449e-06 -3.301933e-06
-2.705099e-06 -2.235463e-06 1.970676e-03 2.174460e-03 2.410985e-03 2.687505e-03
3.013349e-03 3.400649e-03 3.865371e-03 4.428801e-03 5.119691e-03 5.977392e-03
7.056450e-03 8.433266e-03 1.021546e-02 1.255392e-02 1.565437e-02 1.977542e-02
2.517188e-02 3.188845e-02 3.929072e-02 4.554384e-02 4.806565e-02 4.554384e-02
3.929072e-02 3.188845e-02 2.517188e-02 1.977542e-02 1.565437e-02 1.255392e-02
1.021546e-02 8.433266e-03 7.056450e-03 5.977392e-03 5.119691e-03 4.428801e-03
3.865371e-03 3.400649e-03 3.013349e-03 2.687505e-03 2.410985e-03 2.174460e-03
1.970676e-03 1.970676e-03 4.145136e-03 6.556120e-03 9.243625e-03 1.225697e-02
1.565762e-02 1.952299e-02 2.395179e-02 2.907149e-02 3.504888e-02 4.210533e-02
5.053859e-02 6.075406e-02 7.330798e-02 8.896235e-02 1.087378e-01 1.339097e-01
1.657981e-01 2.050888e-01 2.506327e-01 2.986983e-01 3.442422e-01 3.835329e-01
4.154213e-01 4.405932e-01 4.603686e-01 4.760230e-01 4.885769e-01 4.987924e-01
5.072257e-01 5.142821e-01 5.202595e-01 5.253792e-01 5.298080e-01 5.336734e-01
5.370740e-01 5.400874e-01 5.427749e-01 5.451858e-01 5.473603e-01 5.493310e-01
The exact area of our function is = 5.493603e-01. 
 The uncompensated trapezoid sum is = 5.493310e-01.
 The compensated trapezoid sum is = 5.493603e-01.
 The compensation error is = 2.933353e-05.
 The sum of the subErrors = 2.933353e-05.
 The sum of true SubErrors = 2.932117e-05.

 
 xi xf subErrors subTrueErr subAreas ACC_Area
-1 -9.607843e-01 -9.215686e-01 -8.823529e-01 -8.431373e-01 -8.039216e-01
-7.647059e-01 -7.254902e-01 -6.862745e-01 -6.470588e-01 -6.078431e-01 -5.686275e-01
-5.294118e-01 -4.901961e-01 -4.509804e-01 -4.117647e-01 -3.725490e-01 -3.333333e-01
-2.941176e-01 -2.549020e-01 -2.156863e-01 -1.764706e-01 -1.372549e-01 -9.803922e-02
-5.882353e-02 -1.960784e-02 1.960784e-02 5.882353e-02 9.803922e-02 1.372549e-01
1.764706e-01 2.156863e-01 2.549020e-01 2.941176e-01 3.333333e-01 3.725490e-01
4.117647e-01 4.509804e-01 4.901961e-01 5.294118e-01 5.686275e-01 6.078431e-01
6.470588e-01 6.862745e-01 7.254902e-01 7.647059e-01 8.039216e-01 8.431373e-01
8.823529e-01 9.215686e-01 9.607843e-01 -9.607843e-01 -9.215686e-01 -8.823529e-01
-8.431373e-01 -8.039216e-01 -7.647059e-01 -7.254902e-01 -6.862745e-01 -6.470588e-01
-6.078431e-01 -5.686275e-01 -5.294118e-01 -4.901961e-01 -4.509804e-01 -4.117647e-01
-3.725490e-01 -3.333333e-01 -2.941176e-01 -2.549020e-01 -2.156863e-01 -1.764706e-01
-1.372549e-01 -9.803922e-02 -5.882353e-02 -1.960784e-02 1.960784e-02 5.882353e-02
9.803922e-02 1.372549e-01 1.764706e-01 2.156863e-01 2.549020e-01 2.941176e-01
3.333333e-01 3.725490e-01 4.117647e-01 4.509804e-01 4.901961e-01 5.294118e-01
5.686275e-01 6.078431e-01 6.470588e-01 6.862745e-01 7.254902e-01 7.647059e-01
8.039216e-01 8.431373e-01 8.823529e-01 9.215686e-01 9.607843e-01 1
-1.140557e-06 -1.327781e-06 -1.554235e-06 -1.829961e-06 -2.168034e-06 -2.585616e-06
-3.105412e-06 -3.757691e-06 -4.583102e-06 -5.636594e-06 -6.992795e-06 -8.753286e-06
-1.105593e-05 -1.408569e-05 -1.808374e-05 -2.334518e-05 -3.017837e-05 -3.875955e-05
-4.873109e-05 -5.824754e-05 -6.207757e-05 -4.898992e-05 -1.907363e-06 8.907824e-05
1.960357e-04 2.465242e-04 1.960357e-04 8.907824e-05 -1.907363e-06 -4.898992e-05
-6.207757e-05 -5.824754e-05 -4.873109e-05 -3.875955e-05 -3.017837e-05 -2.334518e-05
-1.808374e-05 -1.408569e-05 -1.105593e-05 -8.753286e-06 -6.992795e-06 -5.636594e-06
-4.583102e-06 -3.757691e-06 -3.105412e-06 -2.585616e-06 -2.168034e-06 -1.829961e-06
-1.554235e-06 -1.327781e-06 -1.140557e-06 -1.140035e-06 -1.327131e-06 -1.553419e-06
-1.828929e-06 -2.166718e-06 -2.583926e-06 -3.103222e-06 -3.754830e-06 -4.579336e-06
-5.631596e-06 -6.986121e-06 -8.744335e-06 -1.104392e-05 -1.406966e-05 -1.806273e-05
-2.331881e-05 -3.014842e-05 -3.873398e-05 -4.873293e-05 -5.833124e-05 -6.234593e-05
-4.956242e-05 -2.709686e-06 8.870227e-05 1.970249e-04 2.484172e-04 1.970249e-04
8.870227e-05 -2.709686e-06 -4.956242e-05 -6.234593e-05 -5.833124e-05 -4.873293e-05
-3.873398e-05 -3.014842e-05 -2.331881e-05 -1.806273e-05 -1.406966e-05 -1.104392e-05
-8.744335e-06 -6.986121e-06 -5.631596e-06 -4.579336e-06 -3.754830e-06 -3.103222e-06
-2.583926e-06 -2.166718e-06 -1.828929e-06 -1.553419e-06 -1.327131e-06 -1.140035e-06
1.568506e-03 1.696314e-03 1.840135e-03 2.002704e-03 2.187357e-03 2.398185e-03
2.640245e-03 2.919834e-03 3.244860e-03 3.625339e-03 4.074060e-03 4.607501e-03
5.247062e-03 6.020746e-03 6.965390e-03 8.129564e-03 9.577031e-03 1.139017e-02
1.367129e-02 1.653649e-02 2.008970e-02 2.435449e-02 2.913890e-02 3.385576e-02
3.746788e-02 3.884235e-02 3.746788e-02 3.385576e-02 2.913890e-02 2.435449e-02
2.008970e-02 1.653649e-02 1.367129e-02 1.139017e-02 9.577031e-03 8.129564e-03
6.965390e-03 6.020746e-03 5.247062e-03 4.607501e-03 4.074060e-03 3.625339e-03
3.244860e-03 2.919834e-03 2.640245e-03 2.398185e-03 2.187357e-03 2.002704e-03
1.840135e-03 1.696314e-03 1.568506e-03 1.568506e-03 3.264821e-03 5.104955e-03
7.107659e-03 9.295016e-03 1.169320e-02 1.433345e-02 1.725328e-02 2.049814e-02
2.412348e-02 2.819754e-02 3.280504e-02 3.805210e-02 4.407285e-02 5.103824e-02
5.916780e-02 6.874483e-02 8.013500e-02 9.380628e-02 1.103428e-01 1.304325e-01
1.547870e-01 1.839259e-01 2.177816e-01 2.552495e-01 2.940918e-01 3.315597e-01
3.654155e-01 3.945544e-01 4.189089e-01 4.389986e-01 4.555351e-01 4.692064e-01
4.805965e-01 4.901736e-01 4.983031e-01 5.052685e-01 5.112893e-01 5.165363e-01
5.211438e-01 5.252179e-01 5.288432e-01 5.320881e-01 5.350079e-01 5.376482e-01
5.400463e-01 5.422337e-01 5.442364e-01 5.460765e-01 5.477728e-01 5.493414e-01
The exact area of our function is = 5.493603e-01. 
 The uncompensated trapezoid sum is = 5.493414e-01.
 The compensated trapezoid sum is = 5.493603e-01.
 The compensation error is = 1.895796e-05.
 The sum of the subErrors = 1.895796e-05.
 The sum of true SubErrors = 1.895279e-05.

 
 xi xf subErrors subTrueErr subAreas ACC_Area
-1 -9.672131e-01 -9.344262e-01 -9.016393e-01 -8.688525e-01 -8.360656e-01
-8.032787e-01 -7.704918e-01 -7.377049e-01 -7.049180e-01 -6.721311e-01 -6.393443e-01
-6.065574e-01 -5.737705e-01 -5.409836e-01 -5.081967e-01 -4.754098e-01 -4.426230e-01
-4.098361e-01 -3.770492e-01 -3.442623e-01 -3.114754e-01 -2.786885e-01 -2.459016e-01
-2.131148e-01 -1.803279e-01 -1.475410e-01 -1.147541e-01 -8.196721e-02 -4.918033e-02
-1.639344e-02 1.639344e-02 4.918033e-02 8.196721e-02 1.147541e-01 1.475410e-01
1.803279e-01 2.131148e-01 2.459016e-01 2.786885e-01 3.114754e-01 3.442623e-01
3.770492e-01 4.098361e-01 4.426230e-01 4.754098e-01 5.081967e-01 5.409836e-01
5.737705e-01 6.065574e-01 6.393443e-01 6.721311e-01 7.049180e-01 7.377049e-01
7.704918e-01 8.032787e-01 8.360656e-01 8.688525e-01 9.016393e-01 9.344262e-01
9.672131e-01 -9.672131e-01 -9.344262e-01 -9.016393e-01 -8.688525e-01 -8.360656e-01
-8.032787e-01 -7.704918e-01 -7.377049e-01 -7.049180e-01 -6.721311e-01 -6.393443e-01
-6.065574e-01 -5.737705e-01 -5.409836e-01 -5.081967e-01 -4.754098e-01 -4.426230e-01
-4.098361e-01 -3.770492e-01 -3.442623e-01 -3.114754e-01 -2.786885e-01 -2.459016e-01
-2.131148e-01 -1.803279e-01 -1.475410e-01 -1.147541e-01 -8.196721e-02 -4.918033e-02
-1.639344e-02 1.639344e-02 4.918033e-02 8.196721e-02 1.147541e-01 1.475410e-01
1.803279e-01 2.131148e-01 2.459016e-01 2.786885e-01 3.114754e-01 3.442623e-01
3.770492e-01 4.098361e-01 4.426230e-01 4.754098e-01 5.081967e-01 5.409836e-01
5.737705e-01 6.065574e-01 6.393443e-01 6.721311e-01 7.049180e-01 7.377049e-01
7.704918e-01 8.032787e-01 8.360656e-01 8.688525e-01 9.016393e-01 9.344262e-01
9.672131e-01 1 -6.582333e-07 -7.468668e-07 -8.506377e-07 -9.726844e-07
-1.116910e-06 -1.288194e-06 -1.492672e-06 -1.738101e-06 -2.034338e-06 -2.393981e-06
-2.833199e-06 -3.372840e-06 -4.039854e-06 -4.869124e-06 -5.905719e-06 -7.207489e-06
-8.847619e-06 -1.091607e-05 -1.351728e-05 -1.675830e-05 -2.071472e-05 -2.534958e-05
-3.033930e-05 -3.473722e-05 -3.641476e-05 -3.139247e-05 -1.378251e-05 2.178217e-05
7.325635e-05 1.234272e-04 1.449016e-04 1.234272e-04 7.325635e-05 2.178217e-05
-1.378251e-05 -3.139247e-05 -3.641476e-05 -3.473722e-05 -3.033930e-05 -2.534958e-05
-2.071472e-05 -1.675830e-05 -1.351728e-05 -1.091607e-05 -8.847619e-06 -7.207489e-06
-5.905719e-06 -4.869124e-06 -4.039854e-06 -3.372840e-06 -2.833199e-06 -2.393981e-06
-2.034338e-06 -1.738101e-06 -1.492672e-06 -1.288194e-06 -1.116910e-06 -9.726844e-07
-8.506377e-07 -7.468668e-07 -6.582333e-07 -6.580241e-07 -7.466156e-07 -8.503345e-07
-9.723165e-07 -1.116461e-06 -1.287644e-06 -1.491993e-06 -1.737259e-06 -2.033288e-06
-2.392663e-06 -2.831536e-06 -3.370731e-06 -4.037167e-06 -4.865691e-06 -5.901327e-06
-7.201881e-06 -8.840508e-06 -1.090720e-05 -1.350657e-05 -1.674619e-05 -2.070294e-05
-2.534262e-05 -3.034711e-05 -3.477916e-05 -3.652242e-05 -3.160183e-05 -1.409410e-05
2.148651e-05 7.325292e-05 1.239309e-04 1.456796e-04 1.239309e-04 7.325292e-05
2.148651e-05 -1.409410e-05 -3.160183e-05 -3.652242e-05 -3.477916e-05 -3.034711e-05
-2.534262e-05 -2.070294e-05 -1.674619e-05 -1.350657e-05 -1.090720e-05 -8.840508e-06
-7.201881e-06 -5.901327e-06 -4.865691e-06 -4.037167e-06 -3.370731e-06 -2.831536e-06
-2.392663e-06 -2.033288e-06 -1.737259e-06 -1.491993e-06 -1.287644e-06 -1.116461e-06
-9.723165e-07 -8.503345e-07 -7.466156e-07 -6.580241e-07 1.302723e-03 1.390309e-03
1.486888e-03 1.593711e-03 1.712251e-03 1.844247e-03 1.991768e-03 2.157283e-03
2.343757e-03 2.554769e-03 2.794668e-03 3.068765e-03 3.383591e-03 3.747219e-03
4.169691e-03 4.663560e-03 5.244595e-03 5.932656e-03 6.752776e-03 7.736385e-03
8.922530e-03 1.035863e-02 1.209967e-02 1.420367e-02 1.671921e-02 1.965848e-02
2.294928e-02 2.636909e-02 2.949459e-02 3.174273e-02 3.256807e-02 3.174273e-02
2.949459e-02 2.636909e-02 2.294928e-02 1.965848e-02 1.671921e-02 1.420367e-02
1.209967e-02 1.035863e-02 8.922530e-03 7.736385e-03 6.752776e-03 5.932656e-03
5.244595e-03 4.663560e-03 4.169691e-03 3.747219e-03 3.383591e-03 3.068765e-03
2.794668e-03 2.554769e-03 2.343757e-03 2.157283e-03 1.991768e-03 1.844247e-03
1.712251e-03 1.593711e-03 1.486888e-03 1.390309e-03 1.302723e-03 1.302723e-03
2.693032e-03 4.179920e-03 5.773631e-03 7.485882e-03 9.330129e-03 1.132190e-02
1.347918e-02 1.582294e-02 1.837771e-02 2.117237e-02 2.424114e-02 2.762473e-02
3.137195e-02 3.554164e-02 4.020520e-02 4.544980e-02 5.138245e-02 5.813523e-02
6.587161e-02 7.479414e-02 8.515277e-02 9.725244e-02 1.114561e-01 1.281753e-01
1.478338e-01 1.707831e-01 1.971522e-01 2.266468e-01 2.583895e-01 2.909576e-01
3.227003e-01 3.521949e-01 3.785640e-01 4.015133e-01 4.211717e-01 4.378909e-01
4.520946e-01 4.641943e-01 4.745529e-01 4.834754e-01 4.912118e-01 4.979646e-01
5.038973e-01 5.091419e-01 5.138054e-01 5.179751e-01 5.217223e-01 5.251059e-01
5.281747e-01 5.309694e-01 5.335241e-01 5.358679e-01 5.380252e-01 5.400169e-01
5.418612e-01 5.435734e-01 5.451671e-01 5.466540e-01 5.480443e-01 5.493471e-01
The exact area of our function is = 5.493603e-01. 
 The uncompensated trapezoid sum is = 5.493471e-01.
 The compensated trapezoid sum is = 5.493603e-01.
 The compensation error is = 1.325172e-05.
 The sum of the subErrors = 1.325172e-05.
 The sum of true SubErrors = 1.324920e-05.

 
 xi xf subErrors subTrueErr subAreas ACC_Area
-1 -9.718310e-01 -9.436620e-01 -9.154930e-01 -8.873239e-01 -8.591549e-01
-8.309859e-01 -8.028169e-01 -7.746479e-01 -7.464789e-01 -7.183099e-01 -6.901408e-01
-6.619718e-01 -6.338028e-01 -6.056338e-01 -5.774648e-01 -5.492958e-01 -5.211268e-01
-4.929577e-01 -4.647887e-01 -4.366197e-01 -4.084507e-01 -3.802817e-01 -3.521127e-01
-3.239437e-01 -2.957746e-01 -2.676056e-01 -2.394366e-01 -2.112676e-01 -1.830986e-01
-1.549296e-01 -1.267606e-01 -9.859155e-02 -7.042254e-02 -4.225352e-02 -1.408451e-02
1.408451e-02 4.225352e-02 7.042254e-02 9.859155e-02 1.267606e-01 1.549296e-01
1.830986e-01 2.112676e-01 2.394366e-01 2.676056e-01 2.957746e-01 3.239437e-01
3.521127e-01 3.802817e-01 4.084507e-01 4.366197e-01 4.647887e-01 4.929577e-01
5.211268e-01 5.492958e-01 5.774648e-01 6.056338e-01 6.338028e-01 6.619718e-01
6.901408e-01 7.183099e-01 7.464789e-01 7.746479e-01 8.028169e-01 8.309859e-01
8.591549e-01 8.873239e-01 9.154930e-01 9.436620e-01 9.718310e-01 -9.718310e-01
-9.436620e-01 -9.154930e-01 -8.873239e-01 -8.591549e-01 -8.309859e-01 -8.028169e-01
-7.746479e-01 -7.464789e-01 -7.183099e-01 -6.901408e-01 -6.619718e-01 -6.338028e-01
-6.056338e-01 -5.774648e-01 -5.492958e-01 -5.211268e-01 -4.929577e-01 -4.647887e-01
-4.366197e-01 -4.084507e-01 -3.802817e-01 -3.521127e-01 -3.239437e-01 -2.957746e-01
-2.676056e-01 -2.394366e-01 -2.112676e-01 -1.830986e-01 -1.549296e-01 -1.267606e-01
-9.859155e-02 -7.042254e-02 -4.225352e-02 -1.408451e-02 1.408451e-02 4.225352e-02
7.042254e-02 9.859155e-02 1.267606e-01 1.549296e-01 1.830986e-01 2.112676e-01
2.394366e-01 2.676056e-01 2.957746e-01 3.239437e-01 3.521127e-01 3.802817e-01
4.084507e-01 4.366197e-01 4.647887e-01 4.929577e-01 5.211268e-01 5.492958e-01
5.774648e-01 6.056338e-01 6.338028e-01 6.619718e-01 6.901408e-01 7.183099e-01
7.464789e-01 7.746479e-01 8.028169e-01 8.309859e-01 8.591549e-01 8.873239e-01
9.154930e-01 9.436620e-01 9.718310e-01 1 -4.137140e-07 -4.609339e-07
-5.149590e-07 -5.769749e-07 -6.484090e-07 -7.309864e-07 -8.268010e-07 -9.384039e-07
-1.068917e-06 -1.222174e-06 -1.402904e-06 -1.616960e-06 -1.871608e-06 -2.175899e-06
-2.541122e-06 -2.981367e-06 -3.514205e-06 -4.161447e-06 -4.949948e-06 -5.912250e-06
-7.086708e-06 -8.516282e-06 -1.024442e-05 -1.230504e-05 -1.470111e-05 -1.736251e-05
-2.006883e-05 -2.231961e-05 -2.314487e-05 -2.090040e-05 -1.323501e-05 2.333866e-06
2.667236e-05 5.628271e-05 8.190866e-05 9.221609e-05 8.190866e-05 5.628271e-05
2.667236e-05 2.333866e-06 -1.323501e-05 -2.090040e-05 -2.314487e-05 -2.231961e-05
-2.006883e-05 -1.736251e-05 -1.470111e-05 -1.230504e-05 -1.024442e-05 -8.516282e-06
-7.086708e-06 -5.912250e-06 -4.949948e-06 -4.161447e-06 -3.514205e-06 -2.981367e-06
-2.541122e-06 -2.175899e-06 -1.871608e-06 -1.616960e-06 -1.402904e-06 -1.222174e-06
-1.068917e-06 -9.384039e-07 -8.268010e-07 -7.309864e-07 -6.484090e-07 -5.769749e-07
-5.149590e-07 -4.609339e-07 -4.137140e-07 -4.136174e-07 -4.608208e-07 -5.148263e-07
-5.768185e-07 -6.482239e-07 -7.307666e-07 -8.265389e-07 -9.380900e-07 -1.068539e-06
-1.221718e-06 -1.402351e-06 -1.616286e-06 -1.870785e-06 -2.174889e-06 -2.539877e-06
-2.979831e-06 -3.512307e-06 -4.159103e-06 -4.947062e-06 -5.908723e-06 -7.082458e-06
-8.511292e-06 -1.023883e-05 -1.229933e-05 -1.469643e-05 -1.736128e-05 -2.007559e-05
-2.234213e-05 -2.319462e-05 -2.099019e-05 -1.336925e-05 2.179681e-06 2.657269e-05
5.634376e-05 8.217578e-05 9.258170e-05 8.217578e-05 5.634376e-05 2.657269e-05
2.179681e-06 -1.336925e-05 -2.099019e-05 -2.319462e-05 -2.234213e-05 -2.007559e-05
-1.736128e-05 -1.469643e-05 -1.229933e-05 -1.023883e-05 -8.511292e-06 -7.082458e-06
-5.908723e-06 -4.947062e-06 -4.159103e-06 -3.512307e-06 -2.979831e-06 -2.539877e-06
-2.174889e-06 -1.870785e-06 -1.616286e-06 -1.402351e-06 -1.221718e-06 -1.068539e-06
-9.380900e-07 -8.265389e-07 -7.307666e-07 -6.482239e-07 -5.768185e-07 -5.148263e-07
-4.608208e-07 -4.136174e-07 1.113988e-03 1.177737e-03 1.247031e-03 1.322521e-03
1.404953e-03 1.495188e-03 1.594222e-03 1.703208e-03 1.823494e-03 1.956651e-03
2.104530e-03 2.269310e-03 2.453575e-03 2.660398e-03 2.893453e-03 3.157152e-03
3.456812e-03 3.798872e-03 4.191150e-03 4.643175e-03 5.166571e-03 5.775518e-03
6.487258e-03 7.322598e-03 8.306274e-03 9.466903e-03 1.083599e-02 1.244502e-02
1.431909e-02 1.646480e-02 1.885050e-02 2.137911e-02 2.386188e-02 2.601361e-02
2.749772e-02 2.803000e-02 2.749772e-02 2.601361e-02 2.386188e-02 2.137911e-02
1.885050e-02 1.646480e-02 1.431909e-02 1.244502e-02 1.083599e-02 9.466903e-03
8.306274e-03 7.322598e-03 6.487258e-03 5.775518e-03 5.166571e-03 4.643175e-03
4.191150e-03 3.798872e-03 3.456812e-03 3.157152e-03 2.893453e-03 2.660398e-03
2.453575e-03 2.269310e-03 2.104530e-03 1.956651e-03 1.823494e-03 1.703208e-03
1.594222e-03 1.495188e-03 1.404953e-03 1.322521e-03 1.247031e-03 1.177737e-03
1.113988e-03 1.113988e-03 2.291725e-03 3.538756e-03 4.861277e-03 6.266230e-03
7.761418e-03 9.355640e-03 1.105885e-02 1.288234e-02 1.483899e-02 1.694352e-02
1.921283e-02 2.166641e-02 2.432681e-02 2.722026e-02 3.037741e-02 3.383422e-02
3.763310e-02 4.182425e-02 4.646742e-02 5.163399e-02 5.740951e-02 6.389677e-02
7.121937e-02 7.952564e-02 8.899254e-02 9.982853e-02 1.122736e-01 1.265926e-01
1.430574e-01 1.619079e-01 1.832871e-01 2.071489e-01 2.331625e-01 2.606603e-01
2.886903e-01 3.161880e-01 3.422016e-01 3.660635e-01 3.874426e-01 4.062931e-01
4.227579e-01 4.370770e-01 4.495220e-01 4.603580e-01 4.698249e-01 4.781312e-01
4.854538e-01 4.919410e-01 4.977165e-01 5.028831e-01 5.075263e-01 5.117174e-01
5.155163e-01 5.189731e-01 5.221303e-01 5.250237e-01 5.276841e-01 5.301377e-01
5.324070e-01 5.345115e-01 5.364682e-01 5.382917e-01 5.399949e-01 5.415891e-01
5.430843e-01 5.444892e-01 5.458118e-01 5.470588e-01 5.482365e-01 5.493505e-01
The exact area of our function is = 5.493603e-01. 
 The uncompensated trapezoid sum is = 5.493505e-01.
 The compensated trapezoid sum is = 5.493603e-01.
 The compensation error is = 9.781723e-06.
 The sum of the subErrors = 9.781723e-06.
 The sum of true SubErrors = 9.780346e-06.

 
 xi xf subErrors subTrueErr subAreas ACC_Area
-1 -9.753086e-01 -9.506173e-01 -9.259259e-01 -9.012346e-01 -8.765432e-01
-8.518519e-01 -8.271605e-01 -8.024691e-01 -7.777778e-01 -7.530864e-01 -7.283951e-01
-7.037037e-01 -6.790123e-01 -6.543210e-01 -6.296296e-01 -6.049383e-01 -5.802469e-01
-5.555556e-01 -5.308642e-01 -5.061728e-01 -4.814815e-01 -4.567901e-01 -4.320988e-01
-4.074074e-01 -3.827160e-01 -3.580247e-01 -3.333333e-01 -3.086420e-01 -2.839506e-01
-2.592593e-01 -2.345679e-01 -2.098765e-01 -1.851852e-01 -1.604938e-01 -1.358025e-01
-1.111111e-01 -8.641975e-02 -6.172840e-02 -3.703704e-02 -1.234568e-02 1.234568e-02
3.703704e-02 6.172840e-02 8.641975e-02 1.111111e-01 1.358025e-01 1.604938e-01
1.851852e-01 2.098765e-01 2.345679e-01 2.592593e-01 2.839506e-01 3.086420e-01
3.333333e-01 3.580247e-01 3.827160e-01 4.074074e-01 4.320988e-01 4.567901e-01
4.814815e-01 5.061728e-01 5.308642e-01 5.555556e-01 5.802469e-01 6.049383e-01
6.296296e-01 6.543210e-01 6.790123e-01 7.037037e-01 7.283951e-01 7.530864e-01
7.777778e-01 8.024691e-01 8.271605e-01 8.518519e-01 8.765432e-01 9.012346e-01
9.259259e-01 9.506173e-01 9.753086e-01 -9.753086e-01 -9.506173e-01 -9.259259e-01
-9.012346e-01 -8.765432e-01 -8.518519e-01 -8.271605e-01 -8.024691e-01 -7.777778e-01
-7.530864e-01 -7.283951e-01 -7.037037e-01 -6.790123e-01 -6.543210e-01 -6.296296e-01
-6.049383e-01 -5.802469e-01 -5.555556e-01 -5.308642e-01 -5.061728e-01 -4.814815e-01
-4.567901e-01 -4.320988e-01 -4.074074e-01 -3.827160e-01 -3.580247e-01 -3.333333e-01
-3.086420e-01 -2.839506e-01 -2.592593e-01 -2.345679e-01 -2.098765e-01 -1.851852e-01
-1.604938e-01 -1.358025e-01 -1.111111e-01 -8.641975e-02 -6.172840e-02 -3.703704e-02
-1.234568e-02 1.234568e-02 3.703704e-02 6.172840e-02 8.641975e-02 1.111111e-01
1.358025e-01 1.604938e-01 1.851852e-01 2.098765e-01 2.345679e-01 2.592593e-01
2.839506e-01 3.086420e-01 3.333333e-01 3.580247e-01 3.827160e-01 4.074074e-01
4.320988e-01 4.567901e-01 4.814815e-01 5.061728e-01 5.308642e-01 5.555556e-01
5.802469e-01 6.049383e-01 6.296296e-01 6.543210e-01 6.790123e-01 7.037037e-01
7.283951e-01 7.530864e-01 7.777778e-01 8.024691e-01 8.271605e-01 8.518519e-01
8.765432e-01 9.012346e-01 9.259259e-01 9.506173e-01 9.753086e-01 1
-2.767593e-07 -3.041701e-07 -3.349977e-07 -3.697552e-07 -4.090458e-07 -4.535808e-07
-5.042009e-07 -5.619038e-07 -6.278765e-07 -7.035357e-07 -7.905781e-07 -8.910410e-07
-1.007378e-06 -1.142552e-06 -1.300151e-06 -1.484522e-06 -1.700948e-06 -1.955844e-06
-2.256993e-06 -2.613816e-06 -3.037649e-06 -3.542007e-06 -4.142744e-06 -4.857972e-06
-5.707466e-06 -6.711045e-06 -7.885088e-06 -9.235690e-06 -1.074613e-05 -1.235502e-05
-1.392059e-05 -1.516644e-05 -1.560964e-05 -1.448889e-05 -1.075000e-05 -3.210342e-06
8.929628e-06 2.516835e-05 4.276791e-05 5.682464e-05 6.224727e-05 5.682464e-05
4.276791e-05 2.516835e-05 8.929628e-06 -3.210342e-06 -1.075000e-05 -1.448889e-05
-1.560964e-05 -1.516644e-05 -1.392059e-05 -1.235502e-05 -1.074613e-05 -9.235690e-06
-7.885088e-06 -6.711045e-06 -5.707466e-06 -4.857972e-06 -4.142744e-06 -3.542007e-06
-3.037649e-06 -2.613816e-06 -2.256993e-06 -1.955844e-06 -1.700948e-06 -1.484522e-06
-1.300151e-06 -1.142552e-06 -1.007378e-06 -8.910410e-07 -7.905781e-07 -7.035357e-07
-6.278765e-07 -5.619038e-07 -5.042009e-07 -4.535808e-07 -4.090458e-07 -3.697552e-07
-3.349977e-07 -3.041701e-07 -2.767593e-07 -2.767097e-07 -3.041133e-07 -3.349324e-07
-3.696798e-07 -4.089587e-07 -4.534796e-07 -5.040832e-07 -5.617664e-07 -6.277155e-07
-7.033466e-07 -7.903552e-07 -8.907773e-07 -1.007065e-06 -1.142180e-06 -1.299706e-06
-1.483990e-06 -1.700310e-06 -1.955076e-06 -2.256068e-06 -2.612703e-06 -3.036311e-06
-3.540405e-06 -4.140839e-06 -4.855735e-06 -5.704892e-06 -6.708187e-06 -7.882107e-06
-9.232950e-06 -1.074435e-05 -1.235551e-05 -1.392556e-05 -1.517931e-05 -1.563514e-05
-1.453220e-05 -1.081391e-05 -3.289297e-06 8.857067e-06 2.514121e-05 4.282622e-05
5.697413e-05 6.243692e-05 5.697413e-05 4.282622e-05 2.514121e-05 8.857067e-06
-3.289297e-06 -1.081391e-05 -1.453220e-05 -1.563514e-05 -1.517931e-05 -1.392556e-05
-1.235551e-05 -1.074435e-05 -9.232950e-06 -7.882107e-06 -6.708187e-06 -5.704892e-06
-4.855735e-06 -4.140839e-06 -3.540405e-06 -3.036311e-06 -2.612703e-06 -2.256068e-06
-1.955076e-06 -1.700310e-06 -1.483990e-06 -1.299706e-06 -1.142180e-06 -1.007065e-06
-8.907773e-07 -7.903552e-07 -7.033466e-07 -6.277155e-07 -5.617664e-07 -5.040832e-07
-4.534796e-07 -4.089587e-07 -3.696798e-07 -3.349324e-07 -3.041133e-07 -2.767097e-07
9.730317e-04 1.021501e-03 1.073627e-03 1.129781e-03 1.190381e-03 1.255901e-03
1.326875e-03 1.403914e-03 1.487712e-03 1.579064e-03 1.678881e-03 1.788212e-03
1.908268e-03 2.040449e-03 2.186386e-03 2.347978e-03 2.527449e-03 2.727407e-03
2.950928e-03 3.201645e-03 3.483861e-03 3.802689e-03 4.164215e-03 4.575682e-03
5.045713e-03 5.584542e-03 6.204246e-03 6.918925e-03 7.744755e-03 8.699740e-03
9.802908e-03 1.107250e-02 1.252250e-02 1.415671e-02 1.595956e-02 1.788378e-02
1.983725e-02 2.167521e-02 2.320826e-02 2.423516e-02 2.459763e-02 2.423516e-02
2.320826e-02 2.167521e-02 1.983725e-02 1.788378e-02 1.595956e-02 1.415671e-02
1.252250e-02 1.107250e-02 9.802908e-03 8.699740e-03 7.744755e-03 6.918925e-03
6.204246e-03 5.584542e-03 5.045713e-03 4.575682e-03 4.164215e-03 3.802689e-03
3.483861e-03 3.201645e-03 2.950928e-03 2.727407e-03 2.527449e-03 2.347978e-03
2.186386e-03 2.040449e-03 1.908268e-03 1.788212e-03 1.678881e-03 1.579064e-03
1.487712e-03 1.403914e-03 1.326875e-03 1.255901e-03 1.190381e-03 1.129781e-03
1.073627e-03 1.021501e-03 9.730317e-04 9.730317e-04 1.994533e-03 3.068160e-03
4.197941e-03 5.388323e-03 6.644223e-03 7.971098e-03 9.375012e-03 1.086272e-02
1.244179e-02 1.412067e-02 1.590888e-02 1.781715e-02 1.985760e-02 2.204398e-02
2.439196e-02 2.691941e-02 2.964682e-02 3.259775e-02 3.579939e-02 3.928325e-02
4.308594e-02 4.725016e-02 5.182584e-02 5.687155e-02 6.245609e-02 6.866034e-02
7.557926e-02 8.332402e-02 9.202376e-02 1.018267e-01 1.128992e-01 1.254217e-01
1.395784e-01 1.555379e-01 1.734217e-01 1.932590e-01 2.149342e-01 2.381424e-01
2.623776e-01 2.869752e-01 3.112104e-01 3.344186e-01 3.560938e-01 3.759311e-01
3.938149e-01 4.097744e-01 4.239311e-01 4.364536e-01 4.475261e-01 4.573290e-01
4.660288e-01 4.737735e-01 4.806925e-01 4.868967e-01 4.924812e-01 4.975270e-01
5.021026e-01 5.062669e-01 5.100695e-01 5.135534e-01 5.167550e-01 5.197060e-01
5.224334e-01 5.249608e-01 5.273088e-01 5.294952e-01 5.315356e-01 5.334439e-01
5.352321e-01 5.369110e-01 5.384901e-01 5.399778e-01 5.413817e-01 5.427086e-01
5.439645e-01 5.451549e-01 5.462846e-01 5.473583e-01 5.483798e-01 5.493528e-01
The exact area of our function is = 5.493603e-01. 
 The uncompensated trapezoid sum is = 5.493528e-01.
 The compensated trapezoid sum is = 5.493603e-01.
 The compensation error is = 7.515572e-06.
 The sum of the subErrors = 7.515572e-06.
 The sum of true SubErrors = 7.514758e-06.

 
 xi xf subErrors subTrueErr subAreas ACC_Area
-1 -9.780220e-01 -9.560440e-01 -9.340659e-01 -9.120879e-01 -8.901099e-01
-8.681319e-01 -8.461538e-01 -8.241758e-01 -8.021978e-01 -7.802198e-01 -7.582418e-01
-7.362637e-01 -7.142857e-01 -6.923077e-01 -6.703297e-01 -6.483516e-01 -6.263736e-01
-6.043956e-01 -5.824176e-01 -5.604396e-01 -5.384615e-01 -5.164835e-01 -4.945055e-01
-4.725275e-01 -4.505495e-01 -4.285714e-01 -4.065934e-01 -3.846154e-01 -3.626374e-01
-3.406593e-01 -3.186813e-01 -2.967033e-01 -2.747253e-01 -2.527473e-01 -2.307692e-01
-2.087912e-01 -1.868132e-01 -1.648352e-01 -1.428571e-01 -1.208791e-01 -9.890110e-02
-7.692308e-02 -5.494505e-02 -3.296703e-02 -1.098901e-02 1.098901e-02 3.296703e-02
5.494505e-02 7.692308e-02 9.890110e-02 1.208791e-01 1.428571e-01 1.648352e-01
1.868132e-01 2.087912e-01 2.307692e-01 2.527473e-01 2.747253e-01 2.967033e-01
3.186813e-01 3.406593e-01 3.626374e-01 3.846154e-01 4.065934e-01 4.285714e-01
4.505495e-01 4.725275e-01 4.945055e-01 5.164835e-01 5.384615e-01 5.604396e-01
5.824176e-01 6.043956e-01 6.263736e-01 6.483516e-01 6.703297e-01 6.923077e-01
7.142857e-01 7.362637e-01 7.582418e-01 7.802198e-01 8.021978e-01 8.241758e-01
8.461538e-01 8.681319e-01 8.901099e-01 9.120879e-01 9.340659e-01 9.560440e-01
9.780220e-01 -9.780220e-01 -9.560440e-01 -9.340659e-01 -9.120879e-01 -8.901099e-01
-8.681319e-01 -8.461538e-01 -8.241758e-01 -8.021978e-01 -7.802198e-01 -7.582418e-01
-7.362637e-01 -7.142857e-01 -6.923077e-01 -6.703297e-01 -6.483516e-01 -6.263736e-01
-6.043956e-01 -5.824176e-01 -5.604396e-01 -5.384615e-01 -5.164835e-01 -4.945055e-01
-4.725275e-01 -4.505495e-01 -4.285714e-01 -4.065934e-01 -3.846154e-01 -3.626374e-01
-3.406593e-01 -3.186813e-01 -2.967033e-01 -2.747253e-01 -2.527473e-01 -2.307692e-01
-2.087912e-01 -1.868132e-01 -1.648352e-01 -1.428571e-01 -1.208791e-01 -9.890110e-02
-7.692308e-02 -5.494505e-02 -3.296703e-02 -1.098901e-02 1.098901e-02 3.296703e-02
5.494505e-02 7.692308e-02 9.890110e-02 1.208791e-01 1.428571e-01 1.648352e-01
1.868132e-01 2.087912e-01 2.307692e-01 2.527473e-01 2.747253e-01 2.967033e-01
3.186813e-01 3.406593e-01 3.626374e-01 3.846154e-01 4.065934e-01 4.285714e-01
4.505495e-01 4.725275e-01 4.945055e-01 5.164835e-01 5.384615e-01 5.604396e-01
5.824176e-01 6.043956e-01 6.263736e-01 6.483516e-01 6.703297e-01 6.923077e-01
7.142857e-01 7.362637e-01 7.582418e-01 7.802198e-01 8.021978e-01 8.241758e-01
8.461538e-01 8.681319e-01 8.901099e-01 9.120879e-01 9.340659e-01 9.560440e-01
9.780220e-01 1 -1.941623e-07 -2.111462e-07 -2.299951e-07 -2.509551e-07
-2.743105e-07 -3.003896e-07 -3.295734e-07 -3.623046e-07 -3.990987e-07 -4.405582e-07
-4.873883e-07 -5.404166e-07 -6.006169e-07 -6.691376e-07 -7.473358e-07 -8.368183e-07
-9.394911e-07 -1.057618e-06 -1.193891e-06 -1.351509e-06 -1.534274e-06 -1.746695e-06
-1.994098e-06 -2.282732e-06 -2.619864e-06 -3.013803e-06 -3.473821e-06 -4.009852e-06
-4.631789e-06 -5.348110e-06 -6.163359e-06 -7.073779e-06 -8.060071e-06 -9.075872e-06
-1.003040e-05 -1.076416e-05 -1.101905e-05 -1.041021e-05 -8.419673e-06 -4.450719e-06
2.001761e-06 1.102683e-05 2.187963e-05 3.272115e-05 4.090299e-05 4.396796e-05
4.090299e-05 3.272115e-05 2.187963e-05 1.102683e-05 2.001761e-06 -4.450719e-06
-8.419673e-06 -1.041021e-05 -1.101905e-05 -1.076416e-05 -1.003040e-05 -9.075872e-06
-8.060071e-06 -7.073779e-06 -6.163359e-06 -5.348110e-06 -4.631789e-06 -4.009852e-06
-3.473821e-06 -3.013803e-06 -2.619864e-06 -2.282732e-06 -1.994098e-06 -1.746695e-06
-1.534274e-06 -1.351509e-06 -1.193891e-06 -1.057618e-06 -9.394911e-07 -8.368183e-07
-7.473358e-07 -6.691376e-07 -6.006169e-07 -5.404166e-07 -4.873883e-07 -4.405582e-07
-3.990987e-07 -3.623046e-07 -3.295734e-07 -3.003896e-07 -2.743105e-07 -2.509551e-07
-2.299951e-07 -2.111462e-07 -1.941623e-07 -1.941348e-07 -2.111152e-07 -2.299599e-07
-2.509153e-07 -2.742652e-07 -3.003380e-07 -3.295144e-07 -3.622370e-07 -3.990211e-07
-4.404689e-07 -4.872852e-07 -5.402973e-07 -6.004786e-07 -6.689768e-07 -7.471483e-07
-8.365991e-07 -9.392342e-07 -1.057317e-06 -1.193536e-06 -1.351091e-06 -1.533781e-06
-1.746114e-06 -1.993412e-06 -2.281926e-06 -2.618919e-06 -3.012703e-06 -3.472555e-06
-4.008418e-06 -4.630209e-06 -5.346447e-06 -6.161746e-06 -7.072468e-06 -8.059501e-06
-9.076772e-06 -1.003390e-05 -1.077191e-05 -1.103320e-05 -1.043307e-05 -8.452766e-06
-4.492820e-06 1.957363e-06 1.099426e-05 2.187815e-05 3.276573e-05 4.099104e-05
4.407410e-05 4.099104e-05 3.276573e-05 2.187815e-05 1.099426e-05 1.957363e-06
-4.492820e-06 -8.452766e-06 -1.043307e-05 -1.103320e-05 -1.077191e-05 -1.003390e-05
-9.076772e-06 -8.059501e-06 -7.072468e-06 -6.161746e-06 -5.346447e-06 -4.630209e-06
-4.008418e-06 -3.472555e-06 -3.012703e-06 -2.618919e-06 -2.281926e-06 -1.993412e-06
-1.746114e-06 -1.533781e-06 -1.351091e-06 -1.193536e-06 -1.057317e-06 -9.392342e-07
-8.365991e-07 -7.471483e-07 -6.689768e-07 -6.004786e-07 -5.402973e-07 -4.872852e-07
-4.404689e-07 -3.990211e-07 -3.622370e-07 -3.295144e-07 -3.003380e-07 -2.742652e-07
-2.509153e-07 -2.299599e-07 -2.111152e-07 -1.941348e-07 8.637466e-04 9.018379e-04
9.424666e-04 9.858594e-04 1.032269e-03 1.081975e-03 1.135292e-03 1.192571e-03
1.254206e-03 1.320639e-03 1.392370e-03 1.469962e-03 1.554053e-03 1.645369e-03
1.744733e-03 1.853088e-03 1.971511e-03 2.101239e-03 2.243694e-03 2.400519e-03
2.573612e-03 2.765176e-03 2.977770e-03 3.214375e-03 3.478470e-03 3.774117e-03
4.106062e-03 4.479845e-03 4.901918e-03 5.379761e-03 5.921980e-03 6.538351e-03
7.239761e-03 8.037953e-03 8.944938e-03 9.971852e-03 1.112699e-02 1.241263e-02
1.382045e-02 1.532533e-02 1.687863e-02 1.840271e-02 1.979073e-02 2.091616e-02
2.165427e-02 2.191187e-02 2.165427e-02 2.091616e-02 1.979073e-02 1.840271e-02
1.687863e-02 1.532533e-02 1.382045e-02 1.241263e-02 1.112699e-02 9.971852e-03
8.944938e-03 8.037953e-03 7.239761e-03 6.538351e-03 5.921980e-03 5.379761e-03
4.901918e-03 4.479845e-03 4.106062e-03 3.774117e-03 3.478470e-03 3.214375e-03
2.977770e-03 2.765176e-03 2.573612e-03 2.400519e-03 2.243694e-03 2.101239e-03
1.971511e-03 1.853088e-03 1.744733e-03 1.645369e-03 1.554053e-03 1.469962e-03
1.392370e-03 1.320639e-03 1.254206e-03 1.192571e-03 1.135292e-03 1.081975e-03
1.032269e-03 9.858594e-04 9.424666e-04 9.018379e-04 8.637466e-04 8.637466e-04
1.765584e-03 2.708051e-03 3.693910e-03 4.726179e-03 5.808154e-03 6.943446e-03
8.136017e-03 9.390223e-03 1.071086e-02 1.210323e-02 1.357320e-02 1.512725e-02
1.677262e-02 1.851735e-02 2.037044e-02 2.234195e-02 2.444319e-02 2.668688e-02
2.908740e-02 3.166101e-02 3.442619e-02 3.740396e-02 4.061833e-02 4.409680e-02
4.787092e-02 5.197698e-02 5.645683e-02 6.135875e-02 6.673851e-02 7.266049e-02
7.919884e-02 8.643860e-02 9.447655e-02 1.034215e-01 1.133933e-01 1.245203e-01
1.369330e-01 1.507534e-01 1.660787e-01 1.829574e-01 2.013601e-01 2.211508e-01
2.420670e-01 2.637212e-01 2.856331e-01 3.072874e-01 3.282035e-01 3.479943e-01
3.663970e-01 3.832756e-01 3.986009e-01 4.124214e-01 4.248340e-01 4.359610e-01
4.459329e-01 4.548778e-01 4.629158e-01 4.701555e-01 4.766939e-01 4.826158e-01
4.879956e-01 4.928975e-01 4.973774e-01 5.014834e-01 5.052575e-01 5.087360e-01
5.119504e-01 5.149282e-01 5.176933e-01 5.202670e-01 5.226675e-01 5.249112e-01
5.270124e-01 5.289839e-01 5.308370e-01 5.325817e-01 5.342271e-01 5.357812e-01
5.372511e-01 5.386435e-01 5.399641e-01 5.412183e-01 5.424109e-01 5.435462e-01
5.446282e-01 5.456604e-01 5.466463e-01 5.475888e-01 5.484906e-01 5.493544e-01
The exact area of our function is = 5.493603e-01. 
 The uncompensated trapezoid sum is = 5.493544e-01.
 The compensated trapezoid sum is = 5.493603e-01.
 The compensation error is = 5.954554e-06.
 The sum of the subErrors = 5.954554e-06.
 The sum of true SubErrors = 5.954044e-06.

 
 xi xf subErrors subTrueErr subAreas ACC_Area
-1 -9.801980e-01 -9.603960e-01 -9.405941e-01 -9.207921e-01 -9.009901e-01
-8.811881e-01 -8.613861e-01 -8.415842e-01 -8.217822e-01 -8.019802e-01 -7.821782e-01
-7.623762e-01 -7.425743e-01 -7.227723e-01 -7.029703e-01 -6.831683e-01 -6.633663e-01
-6.435644e-01 -6.237624e-01 -6.039604e-01 -5.841584e-01 -5.643564e-01 -5.445545e-01
-5.247525e-01 -5.049505e-01 -4.851485e-01 -4.653465e-01 -4.455446e-01 -4.257426e-01
-4.059406e-01 -3.861386e-01 -3.663366e-01 -3.465347e-01 -3.267327e-01 -3.069307e-01
-2.871287e-01 -2.673267e-01 -2.475248e-01 -2.277228e-01 -2.079208e-01 -1.881188e-01
-1.683168e-01 -1.485149e-01 -1.287129e-01 -1.089109e-01 -8.910891e-02 -6.930693e-02
-4.950495e-02 -2.970297e-02 -9.900990e-03 9.900990e-03 2.970297e-02 4.950495e-02
6.930693e-02 8.910891e-02 1.089109e-01 1.287129e-01 1.485149e-01 1.683168e-01
1.881188e-01 2.079208e-01 2.277228e-01 2.475248e-01 2.673267e-01 2.871287e-01
3.069307e-01 3.267327e-01 3.465347e-01 3.663366e-01 3.861386e-01 4.059406e-01
4.257426e-01 4.455446e-01 4.653465e-01 4.851485e-01 5.049505e-01 5.247525e-01
5.445545e-01 5.643564e-01 5.841584e-01 6.039604e-01 6.237624e-01 6.435644e-01
6.633663e-01 6.831683e-01 7.029703e-01 7.227723e-01 7.425743e-01 7.623762e-01
7.821782e-01 8.019802e-01 8.217822e-01 8.415842e-01 8.613861e-01 8.811881e-01
9.009901e-01 9.207921e-01 9.405941e-01 9.603960e-01 9.801980e-01 -9.801980e-01
-9.603960e-01 -9.405941e-01 -9.207921e-01 -9.009901e-01 -8.811881e-01 -8.613861e-01
-8.415842e-01 -8.217822e-01 -8.019802e-01 -7.821782e-01 -7.623762e-01 -7.425743e-01
-7.227723e-01 -7.029703e-01 -6.831683e-01 -6.633663e-01 -6.435644e-01 -6.237624e-01
-6.039604e-01 -5.841584e-01 -5.643564e-01 -5.445545e-01 -5.247525e-01 -5.049505e-01
-4.851485e-01 -4.653465e-01 -4.455446e-01 -4.257426e-01 -4.059406e-01 -3.861386e-01
-3.663366e-01 -3.465347e-01 -3.267327e-01 -3.069307e-01 -2.871287e-01 -2.673267e-01
-2.475248e-01 -2.277228e-01 -2.079208e-01 -1.881188e-01 -1.683168e-01 -1.485149e-01
-1.287129e-01 -1.089109e-01 -8.910891e-02 -6.930693e-02 -4.950495e-02 -2.970297e-02
-9.900990e-03 9.900990e-03 2.970297e-02 4.950495e-02 6.930693e-02 8.910891e-02
1.089109e-01 1.287129e-01 1.485149e-01 1.683168e-01 1.881188e-01 2.079208e-01
2.277228e-01 2.475248e-01 2.673267e-01 2.871287e-01 3.069307e-01 3.267327e-01
3.465347e-01 3.663366e-01 3.861386e-01 4.059406e-01 4.257426e-01 4.455446e-01
4.653465e-01 4.851485e-01 5.049505e-01 5.247525e-01 5.445545e-01 5.643564e-01
5.841584e-01 6.039604e-01 6.237624e-01 6.435644e-01 6.633663e-01 6.831683e-01
7.029703e-01 7.227723e-01 7.425743e-01 7.623762e-01 7.821782e-01 8.019802e-01
8.217822e-01 8.415842e-01 8.613861e-01 8.811881e-01 9.009901e-01 9.207921e-01
9.405941e-01 9.603960e-01 9.801980e-01 1 -1.414202e-07 -1.524966e-07
-1.646598e-07 -1.780379e-07 -1.927764e-07 -2.090410e-07 -2.270209e-07 -2.469325e-07
-2.690235e-07 -2.935787e-07 -3.209255e-07 -3.514415e-07 -3.855628e-07 -4.237940e-07
-4.667203e-07 -5.150217e-07 -5.694891e-07 -6.310442e-07 -7.007628e-07 -7.799011e-07
-8.699274e-07 -9.725578e-07 -1.089797e-06 -1.223983e-06 -1.377836e-06 -1.554506e-06
-1.757616e-06 -1.991289e-06 -2.260152e-06 -2.569272e-06 -2.923998e-06 -3.329635e-06
-3.790848e-06 -4.310615e-06 -4.888522e-06 -5.518028e-06 -6.182254e-06 -6.847739e-06
-7.455628e-06 -7.910109e-06 -8.064979e-06 -7.711627e-06 -6.576114e-06 -4.339403e-06
-7.006454e-07 4.498944e-06 1.109793e-05 1.844359e-05 2.535566e-05 3.036001e-05
3.219501e-05 3.036001e-05 2.535566e-05 1.844359e-05 1.109793e-05 4.498944e-06
-7.006454e-07 -4.339403e-06 -6.576114e-06 -7.711627e-06 -8.064979e-06 -7.910109e-06
-7.455628e-06 -6.847739e-06 -6.182254e-06 -5.518028e-06 -4.888522e-06 -4.310615e-06
-3.790848e-06 -3.329635e-06 -2.923998e-06 -2.569272e-06 -2.260152e-06 -1.991289e-06
-1.757616e-06 -1.554506e-06 -1.377836e-06 -1.223983e-06 -1.089797e-06 -9.725578e-07
-8.699274e-07 -7.799011e-07 -7.007628e-07 -6.310442e-07 -5.694891e-07 -5.150217e-07
-4.667203e-07 -4.237940e-07 -3.855628e-07 -3.514415e-07 -3.209255e-07 -2.935787e-07
-2.690235e-07 -2.469325e-07 -2.270209e-07 -2.090410e-07 -1.927764e-07 -1.780379e-07
-1.646598e-07 -1.524966e-07 -1.414202e-07 -1.414040e-07 -1.524785e-07 -1.646396e-07
-1.780153e-07 -1.927510e-07 -2.090125e-07 -2.269888e-07 -2.468962e-07 -2.689825e-07
-2.935322e-07 -3.208728e-07 -3.513815e-07 -3.854944e-07 -4.237159e-07 -4.666309e-07
-5.149192e-07 -5.693712e-07 -6.309085e-07 -7.006062e-07 -7.797201e-07 -8.697179e-07
-9.723149e-07 -1.089515e-06 -1.223656e-06 -1.377457e-06 -1.554066e-06 -1.757107e-06
-1.990704e-06 -2.259482e-06 -2.568512e-06 -2.923148e-06 -3.328706e-06 -3.789866e-06
-4.309635e-06 -4.887644e-06 -5.517421e-06 -6.182188e-06 -6.848633e-06 -7.458094e-06
-7.914989e-06 -8.073327e-06 -7.724571e-06 -6.594483e-06 -4.363008e-06 -7.272294e-07
4.474709e-06 1.108447e-05 1.845021e-05 2.538781e-05 3.041428e-05 3.225811e-05
3.041428e-05 2.538781e-05 1.845021e-05 1.108447e-05 4.474709e-06 -7.272294e-07
-4.363008e-06 -6.594483e-06 -7.724571e-06 -8.073327e-06 -7.914989e-06 -7.458094e-06
-6.848633e-06 -6.182188e-06 -5.517421e-06 -4.887644e-06 -4.309635e-06 -3.789866e-06
-3.328706e-06 -2.923148e-06 -2.568512e-06 -2.259482e-06 -1.990704e-06 -1.757107e-06
-1.554066e-06 -1.377457e-06 -1.223656e-06 -1.089515e-06 -9.723149e-07 -8.697179e-07
-7.797201e-07 -7.006062e-07 -6.309085e-07 -5.693712e-07 -5.149192e-07 -4.666309e-07
-4.237159e-07 -3.854944e-07 -3.513815e-07 -3.208728e-07 -2.935322e-07 -2.689825e-07
-2.468962e-07 -2.269888e-07 -2.090125e-07 -1.927510e-07 -1.780153e-07 -1.646396e-07
-1.524785e-07 -1.414040e-07 7.765350e-04 8.072570e-04 8.398112e-04 8.743437e-04
9.110154e-04 9.500034e-04 9.915034e-04 1.035732e-03 1.082927e-03 1.133356e-03
1.187313e-03 1.245128e-03 1.307167e-03 1.373842e-03 1.445611e-03 1.522991e-03
1.606565e-03 1.696986e-03 1.794996e-03 1.901434e-03 2.017252e-03 2.143535e-03
2.281518e-03 2.432612e-03 2.598434e-03 2.780835e-03 2.981943e-03 3.204203e-03
3.450429e-03 3.723858e-03 4.028209e-03 4.367749e-03 4.747357e-03 5.172572e-03
5.649632e-03 6.185457e-03 6.787569e-03 7.463873e-03 8.222236e-03 9.069764e-03
1.001162e-02 1.104924e-02 1.217784e-02 1.338315e-02 1.463772e-02 1.589756e-02
1.710057e-02 1.816888e-02 1.901671e-02 1.956410e-02 1.975357e-02 1.956410e-02
1.901671e-02 1.816888e-02 1.710057e-02 1.589756e-02 1.463772e-02 1.338315e-02
1.217784e-02 1.104924e-02 1.001162e-02 9.069764e-03 8.222236e-03 7.463873e-03
6.787569e-03 6.185457e-03 5.649632e-03 5.172572e-03 4.747357e-03 4.367749e-03
4.028209e-03 3.723858e-03 3.450429e-03 3.204203e-03 2.981943e-03 2.780835e-03
2.598434e-03 2.432612e-03 2.281518e-03 2.143535e-03 2.017252e-03 1.901434e-03
1.794996e-03 1.696986e-03 1.606565e-03 1.522991e-03 1.445611e-03 1.373842e-03
1.307167e-03 1.245128e-03 1.187313e-03 1.133356e-03 1.082927e-03 1.035732e-03
9.915034e-04 9.500034e-04 9.110154e-04 8.743437e-04 8.398112e-04 8.072570e-04
7.765350e-04 7.765350e-04 1.583792e-03 2.423603e-03 3.297947e-03 4.208962e-03
5.158966e-03 6.150469e-03 7.186201e-03 8.269128e-03 9.402484e-03 1.058980e-02
1.183493e-02 1.314209e-02 1.451593e-02 1.596155e-02 1.748454e-02 1.909110e-02
2.078809e-02 2.258308e-02 2.448452e-02 2.650177e-02 2.864530e-02 3.092682e-02
3.335944e-02 3.595787e-02 3.873870e-02 4.172065e-02 4.492485e-02 4.837528e-02
5.209914e-02 5.612734e-02 6.049509e-02 6.524245e-02 7.041502e-02 7.606466e-02
8.225011e-02 8.903768e-02 9.650155e-02 1.047238e-01 1.137936e-01 1.238052e-01
1.348544e-01 1.470323e-01 1.604154e-01 1.750531e-01 1.909507e-01 2.080513e-01
2.262201e-01 2.452368e-01 2.648010e-01 2.845545e-01 3.041186e-01 3.231353e-01
3.413042e-01 3.584048e-01 3.743023e-01 3.889401e-01 4.023232e-01 4.145011e-01
4.255503e-01 4.355619e-01 4.446317e-01 4.528539e-01 4.603178e-01 4.671054e-01
4.732908e-01 4.789404e-01 4.841130e-01 4.888604e-01 4.932281e-01 4.972563e-01
5.009802e-01 5.044306e-01 5.076348e-01 5.106168e-01 5.133976e-01 5.159960e-01
5.184287e-01 5.207102e-01 5.228537e-01 5.248710e-01 5.267724e-01 5.285674e-01
5.302644e-01 5.318709e-01 5.333939e-01 5.348395e-01 5.362134e-01 5.375205e-01
5.387657e-01 5.399530e-01 5.410863e-01 5.421693e-01 5.432050e-01 5.441965e-01
5.451465e-01 5.460575e-01 5.469319e-01 5.477717e-01 5.485789e-01 5.493555e-01
The exact area of our function is = 5.493603e-01. 
 The uncompensated trapezoid sum is = 5.493555e-01.
 The compensated trapezoid sum is = 5.493603e-01.
 The compensation error is = 4.833807e-06.
 The sum of the subErrors = 4.833807e-06.
 The sum of true SubErrors = 4.833471e-06.
